48282863138025
69311556685012
47103103183182
86914740649572
19041777095646
39322120160440
16138923601866
92138330441748
96838489062903
79771859512465
476554925682
20290707058729
23585583304957
12399613354742
36513748886099
68563954962430
71868886707626
93565559394816
51390447442248
39503863062810
17547283617969
12929541253154
51539946036039
17605346091095
43905043070601
38677612783679
96227592377805
27909754972148
97093990444004
29747863696207
47165753216185
25895282144796
84835572375324
27148129162429
38198322774059
30550281693446
1097412643300
53052592848177
91992835169872
67568163234756
47781658080449
14235787325418
25118182698580
96088343754152
15610519737493
11915849317241
40760409654378
445312009795
75882797301514
25880978803143
18041539125421
48366346549866
91266187884899
1518769679197
16666355142071
52605708129420
94206724039133
12010911974970
88344929241244
78550913875779
44446753757754
21481259965081
77864895133135
66587411053676
26828264054256
85922379178897
79002274405192
10103454528114
43458161656687
88821315782323
84796557932833
76969854661087
77936900568129
37770230543925
30414904425245
7376590095011
45071691551257
23309188992129
16442434382461
61252727972056
14793072447204
31262139489609
66016238694480
54095542329755
29187145426058
720633603383
79257647709999
53951521739920
43824362727526
7810183055825
44568371754182
88164735625497
17815436678869
83089179281218
3529932710111
80338118559942
52670300553988
55689166132444
21433884947116
42770682082685
21870428285506
63912610939868
15790855517634
29724782760998
37495582515753
28908506876514
30166783812649
57641968413535
80049774607020
44196125596006
29587043121453
55197925135678
75393777289644
78477509576080
96234740472009
63589181333482
47112158942725
49702179707326
26371721055724
5057563474761
76097378129145
9826849709205
31014598381491
12632642850759
87311312317575
80394206110
57879720590853
35820844013882
33272866282037
16264854281337
83618482562333
74871026755726
64025570403621
40234449032753
14090080944762
17176180836333
99115126836033
67122298335932
5973966735835
88545581087659
90340625984564
2460640919194
21181749445801
90657342355394
7578871560423
91620099180989
86397026907791
75250354819048
48092373132667
77025366383791
91011412215807
89480936549329
57075425633796
6257042212994
20775571938582
27271675667556
81570720086627
20143952553534
34639817024883
78612665199540
78737023714692
51991516467784
13895240883270
94320178506454
38304191375308
79801408482577
71871898593720
86319693017175
5901262771145
21234254478836
25128346146433
73359505928617
61410998839223
8039933324615
98848733887256
558052629062
13867449815514
10307040512123
26092879459639
905082900717
69585544911143
62078784409095
15279700213627
56407546770068
77884233167707
18712294324299
66505633669118
88114525680597
47239773557844
50669084244940
86867916046224
17872561437704
14997610476880
24374191183101
5566759741214
87469296545692
80140299197713
85909321931068
35603335840133
70939868250291
46747195010056
96049316375184
9437789661066
83749670348048
50527997955178
67068693180874
827421553144
23698781612421
10205236683313
85752176864343
48521230683470
29052163270403
41262399039703
87823744505707
22026340283895
36598168776791
39231691410722
86207959695801
19579769427
73237626929583
3880401905713
44049988746718
18838667471000
49728346074929
71153590876345
69437800246130
3790580778315
98563128149410
17016669689967
10212386795940
5828664863489
68837088020525
56796409325821
39790673703735
58250281624905
22704727713702
8258104442316
84861815860412
51998628186759
69339752800481
45432362563616
63909434062174
37505754469397
44569726976503
24346843297088
96765524670104
96095768537986
73178644724332
84279332501284
40089721109438
52943202102677
43544421160052
62005945982279
6196193322925
68510633045575
82574152298786
6695789500711
74166668725333
75593389661620
19788468728421
43210603198280
82852100038595
90728406126354
48791392143267
96059579862436
50037807021771
85530825167728
58117045128824
23094552832709
9110272739538
21819996300204
76330780784458
69694274927183
47818281051704
14648350434829
77901386723156
77888996992173
45563424448392
9780774145795
80160529834284
99605777948432
64444167466912
93036178709537
86424818186968
22689967991174
83194343552832
8808248817088
4313907316011
99637430092059
82150821079280
36972638680620
8601887811458
68700809365288
62047304218200
55528376622893
50751202581936
91467685592493
60740872982670
9677833473335
57204775312631
61052252439952
55879605021222
86965772694747
93739222583380
38581430996710
25199491375488
77759331464987
84935830846405
77295445140109
65614882701898
74853633754693
73793208173816
61836628170562
54612519280763
54564600651885
7005711509290
85664446800724
66291648938652
39096198018141
31530751651098
53241628338554
88396839405539
57114321625025
89938386541287
92085152938428
71191281362108
48872920548184
63831991046701
88092594709764
31613777775378
58383593930422
70345092183602
95499980370574
61580030312045
42945881164542
49497887122732
82002500892784
24754584189715
76070439123578
80473422935020
5857942468702
61542489919331
24228964107704
58652570289781
3525532496135
60034341545706
99898798654754
75116907494087
26651328454606
38021865593454
11666678370751
62282514832742
42438650991648
42890379963332
17412693710992
13381920901395
49665760805121
42980999061395
66286900560528
7940898856772
4923076972780
97354744358250
14489792658908
87984738201929
56199164669865
8972658025009
56411399564061
96235675429085
83899713495113
63077124078304
71926867932288
61064145063646
57238210084602
3089692790011
10588227733883
46806369642673
52709571215325
44067240518041
46869323895161
10244714147619
17860073205531
19304145948231
5771251533120
74901137730612
80176863050829
60248250643473
6677864273343
51663656735394
76464110280581
43972807599059
87100012518233
46819708110878
20167238930308
12364139724518
55234191444344
63132366972654
14736853945545
3369219137199
32881258094799
64792580036738
16379881785065
48159776382778
61856828168014
42259554819552
72543813132878
86769757922700
54700336074884
82576126109638
38602480746543
35831775325912
32419042511056
45903958531192
92871655157983
4287036343171
70734358152540
88512002762425
18907481939131
84709518899510
63854402825654
17110432556624
1128583735674
16090728095058
28614538453087
18805227865395
92653096200472
51084806754768
28967795729646
4917666146513
2251108002700
66553119960527
99112330700197
95070595492871
44745968797981
65623638749692
99090377879165
65931288225577
65130459305284
92621797684098
95953582897895
12090647282489
82157958863680
22793891336423
5485691574178
88371631299980
69794353624359
50568927604681
55830364759918
99686304968677
77258719460288
79971492959104
29549922392301
9417309577725
1120286989810
18055312403362
49152303694435
59662804504366
34316144232382
45983866338344
79678124579940
94805142495521
41447013968002
59987230823733
78631099597194
99173720119307
5431743713855
91421085122737
3527625122644
21325860992793
54568752518625
81642848528207
31835784479422
45639232180374
40117753913954
71912751013783
1199364982634
77969736022726
42815064650636
50072570101325
58345565608626
49129363171284
96961820754217
95438157657861
30495407867542
34304012191245
28704293394653
19723847204719
27293838832883
31494715561074
22052394739184
662431450945
5214922189241
31205661475885
31084437980477
19525719547552
35683674957323
42739712071983
44990745484290
29133894691132
71433708671409
90195773201207
80009083045082
53336039586942
96248127765674
2191229233536
95831377164271
63977490113369
41814680668071
35209874472283
85334836515614
79124987665970
60281312434836
25486754279033
34844019075184
64700738347214
64838975669497
2864321962163
68836201248087
67080385959830
25375310156221
98455401348922
16826202419772
64018580721097
16847793587829
42246357690411
46575166740555
53612400302240
5804255343802
91344074149057
58081219743989
4654273197479
199671905370
62453939642288
31692073351988
2615119932872
23020683927923
26469240577840
64902109374504
64367910635115
49104792962350
26051336871738
63111112439161
65682690921292
26586964277446
77292761638610
13087595134299
54621236987174
88532761442886
70295357610805
28870107039663
51326746912743
30743023385861
77302970571755
34939136782764
22466130151426
21517070161451
84920914836513
78300337816805
55800864105739
157821211275
97709918761010
86341688790331
38511818977626
50133193598762
6935624148716
20818285360327
65233032450748
2055509928798
56122964792430
9076341724439
26280452025353
7952614367480
64582880148677
31994584432823
52589518224554
96448174613396
67828347375680
97245662632014
26666071530992
9609015794623
50714528500015
65344225724260
56509581985105
65155128185840
41263431399802
24612702435031
61798708546446
20968321018335
55151434760814
80087402685629
76075681942549
57337368420944
32368650416961
48972190984648
18727303283613
12523586034761
82073456213068
7459620108793
35382357844376
34596678250785
64034246012185
82794975414276
24174560991224
40318979596468
23514483925944
74432409177421
94539676387837
94152624070685
50874107386038
56007688774388
18636957239359
20846821919263
77348596826256
92071062199347
75505117469273
37821760034673
95764861282272
66070481074823
70137585844196
6062180099682
87836063349897
74086861517505
60254804031647
8595398172004
8734430215391
26571784802430
27431229828279
44747930273062
75157846248857
11043292035368
48794041659928
1131994125933
59134289932266
29538115728807
28164249234629
42746245893233
70310315543588
54539782675095
89567865090200
1335538126364
66316334565834
32794903187292
1794168223292
21624158572055
10685119743351
20474217311521
37896509379852
55828626421999
62397495702750
96528351713880
27584736993581
5695548898314
38980638543450
90652017470043
25196863568112
53037381212033
70961951200708
17585838259785
94351729814293
39118191811132
75203508122842
30715286569280
99526209596714
40202057072467
33292075668297
62295569242686
93138767232417
84416808328138
20262731297005
85833082376819
58381689769575
14252452046662
57187784880171
13694021308398
72932921060496
78546924141568
18742088632341
97339438778731
20111062266132
63263148295039
3006057822577
51692416440416
14084170311572
27629000745222
17442092349809
52494173809418
45301096315906
46858461773864
72156260217819
21197343374773
69840446791979
54353051576950
82582606936399
6248585468408
60169489662912
82347597175367
36892433660881
27759010582232
47447192598727
35145713808472
4196669501877
97812293156194
34971577947586
284736500722
27090099833017
22322150423901
41822675256748
42451162816698
3881988970396
60932996213503
29655479988661
11898254077057
2412900849438
36523509249572
62633184168237
88505019040940
63275367191731
77600815934854
22052525540341
60705570296246
98499045397717
6092768028422
26146086174363
28033313990026
68947587296824
76558471247935
28906891476943
75588683403715
70494636875488
36391953250652
19597786256471
24944722517150
88002984326177
73317813507733
34713967569908
40947162534850
35106761427319
73873882185157
41093469029832
69512092739568
27828224359006
98307748544085
96893995329542
10113960158262
22073020662049
98222086392183
92684736713826
42913601534826
76773569069011
95653430548911
60696138173228
15663434071923
48159390942731
30575818933896
10883767116033
74121679045920
79074986829487
52669391344055
51961782814186
94912879863742
30152100831742
21497369582051
48908196402786
51977721216299
89352811708638
31988724100758
50464977601676
70996213283860
41384826427248
73118553390319
62180976278409
16586752307621
20915411836922
47650613947173
29627066545353
29654117239823
80887903405500
56219929685304
16246735468066
55705401506365
11171065011421
42400266244903
8397334793000
73767241042290
86017972220280
74971802649661
8885419405406
99258862483946
32740066723410
44238669643786
5549551666625
16716509810833
95055665353700
86335653506702
49658270421931
6950686630760
47298734745003
26833354613532
244561760589
27898350247277
10597485458203
94149650458338
13152527919341
48245637230271
33556081038464
78448499527734
67441020999114
38827768467216
12862887328976
21880386386980
3932982726000
34197191185149
64522154682005
98188601997439
70178103236133
41109934832807
60416021568547
65553422304455
87620681663072
74872661751849
46835148945373
99627054383914
68951018174289
51276321626308
75742668386345
56745720776385
79023938903763
50466396558349
31723246983354
22468709231134
92568968218109
83276898803135
38896534523353
83576354543627
47160555006681
38736483735830
34540579732094
44276535945893
49485546364755
57388875598719
34797137349718
54510387005304
16311851926386
64374306712330
460253154477
9547842464735
28850778155660
91024117217009
91831842332831
7301961309993
3355007480372
162355901490
67647975534611
79136013464998
48360836072691
8008067231825
59752976093058
65235671186916
96996359338095
78158940211626
42437837479687
87369572793680
18846006334794
91662042059780
65102066881410
56221533312524
98121408864095
9742635048488
28044472227008
70521818638846
77727100732936
46073239103133
71869978219375
77747982154134
53721828450884
50060212693698
45925353468814
20849384938176
86098780607364
50063581686168
21537034198968
27380009947424
30843026221212
45429141835886
89656197412265
54348216582046
3977966442377
15502490029937
56155899454563
60775618402414
56218707358801
39779854770727
23270766232252
2206828401739
4449965961894
98879678453971
16086127977039
7609264350631
6373245163744
44464325109183
96518211978566
3057939368017
55783989322460
41056968604515
72487323913730
71723556449320
33587051351026
51278852379197
64098491861102
71640333600980
15738132042338
41692854759179
8540911124794
8803153813738
62855261135079
17133301143144
90770280221616
1545132586150
49948597003254
6995393797285
86297144923032
18207407532664
90861244180060
35294555545493
23070632268279
32293055691645
88519758483307
79326737808803
44190178582649
13388820806216
3338226630677
2706466029724
81947078273188
36352100640686
29661484129520
42475885120630
52093505639179
91204866261227
82011247825026
74273447902718
74916508748943
71219447194333
15594085040218
85944367407697
84899871760195
18768709756648
79262102907354
29726104713297
93263640191586
52259975742578
70515490939014
73630728898528
1733185951183
12229544496012
45098337833987
19146626432554
17404622877354
9340656937883
26865340308003
70288607981210
57311370546282
81415731948857
72260426671856
80890642368354
76263209106549
92222865594181
23892493879689
43360387003504
57090625610631
68962753260877
83600234870709
96081046390878
21424128931546
88926871134973
10426875920845
64046466780477
78480803058451
83577195120288
72389475756625
74531265334576
54407911153468
80278184894700
54095356128606
34100062577110
96889958410759
14674305341838
17696734406479
79276846683667
76793758971039
14550890182993
36399156850077
71191116410133
9412039512487
34199925764864
32379690202973
88079015058511
9795023507658
2064737645587
90946181589769
29655853816684
97262943490839
